2 6.高洁的教皇.xt .记事本前奏
(6) (5) (4) (3)(6)(5)(4)(3)
67[123] 66 6[3] 6 [3]67[123] 66 6[3] 6 [3]
67[123] 6 6[3] 6 [3]67[123] 6 6[3] 6 [3]
67[132]66 [2]67[132]66[2]
67[123] 6 6[2] 6[1235]67[123]6[2]6[1235]
67[123] 66 6[3] 6 [3]67[123]66 6[3]6[3]
67[132] 6 6[2] 6 [1236]67[132]6[2]6[1236]
主旋律主旋律
67[1 23] 6[32]667[1 23]6[32]6
67[1] 765 35667[1]765 356
6667[123] 6 6[21]56667[123]6[21]5
56 767 878 [212] [5]56 767 878[212][5]
间奏间奏
(67)123 (66) (6)3 (6) 3(67)123(66)(6)3(6)3
(67)123 (66)2 (6) 2.(67)123(66)2(6)2。
(67)132 (6) (6) 2(67)132 (6) (6) 2
(67)123 (6 6)2 (6)1235(67)123(6)2(6)1235
(67)123 (66) (6)3 (6) 3(67)123(66)(6)3(6)3
(67)132(6) (6)2 (6) 1236(67)132(6)(6)2(6)1236
主旋律接.上主旋律接.上
(67)123 (6)32(6) (67) 1 (765 356)(67)123(6)32(6)(67)1(765 356)
(6667)123(6 6)21(5)(6667)123(6)21(5)
(56 767) 1(7)1 2125(56 767)1(7)1 2125
67[1 23] 6[32]667[1 23]6[32]6
67[1] 765 35667[1] 765 356
6667[1 23] 6 6[21]56667[1 23]6[21]5
56 767 878 [212] [5]56 767 878[212][5]
